11 10
13 8
18 8
29 6
39 6
53 4
70 2
91 2
107 -1
117 -1
129 -1
140 -1
141 -1
146 -1
153 -2
158 -3
158 0
158 7
153 12
147 19
136 30
112 43
86 56
58 67
43 72
32 76
26 80
19 82
17 82
16 82
15 82
25 79
36 75
49 70
60 66
74 64
88 59
101 59
118 57
129 55
134 55
135 55
136 58
136 61
134 66
127 75
117 85
92 100
79 107
54 116
35 122
22 124
16 124
15 124
14 124
13 124
13 122
14 116
18 105
25 94
32 81
44 65
63 46
83 29
102 16
115 7
124 3
127 2
129 1
131 -1
132 2
136 12
140 26
145 43
148 66
151 87
151 106
151 120
151 130
150 138
148 141
147 145
144 147
143 148
137 154
133 155
131 155
130 155
125 155
119 157
106 157
86 149
49 134
16 118
-11 101
-21 93
-26 89
-27 88
-27 87
-26 84
-20 79
-14 71
-5 60
10 48
35 31
63 20
85 12
119 5
148 2
172 2
187 2
196 2
199 2
201 4
203 5
205 10
205 16
207 24
207 35
207 49
207 64
207 80
196 101
189 112
182 121
175 128
169 135
163 139
157 140
154 142
152 142
149 142
146 142
144 142
140 142
133 140
127 134
123 125
119 123
115 114
113 106
106 91
106 83
103 74
103 66
103 59
103 52
103 48
106 46
107 42
109 41
111 40
112 39
114 39
115 39
